[PARAMETERS]
WIDTH=234
HEIGHT=281
X_OFFSET=-3.82043075561523
Z_OFFSET=278.777801513672
MARGIN=10
SCALE_FACTOR=1
DRAWING_SIZE=10

