[PARAMETERS]
WIDTH=231
HEIGHT=269
X_OFFSET=-1.50489902496338
Z_OFFSET=268.555938720703
MARGIN=10
SCALE_FACTOR=1
DRAWING_SIZE=10

