[PARAMETERS]
WIDTH=237
HEIGHT=271
X_OFFSET=-1.24000072479248
Z_OFFSET=273.543884277344
MARGIN=10
SCALE_FACTOR=1
DRAWING_SIZE=10

