[PARAMETERS]
WIDTH=224
HEIGHT=350
X_OFFSET=-268.870208740234
Z_OFFSET=360.753204345703
MARGIN=10
SCALE_FACTOR=1
DRAWING_SIZE=10

