[PARAMETERS]
WIDTH=234
HEIGHT=371
X_OFFSET=-316.990692138672
Z_OFFSET=375.021697998047
MARGIN=10
SCALE_FACTOR=1
DRAWING_SIZE=10

