[PARAMETERS]
WIDTH=233
HEIGHT=338
X_OFFSET=-269.166534423828
Z_OFFSET=346.497772216797
MARGIN=10
SCALE_FACTOR=1
DRAWING_SIZE=10

