[PARAMETERS]
WIDTH=258
HEIGHT=312
X_OFFSET=-251.654022216797
Z_OFFSET=331.703521728516
MARGIN=10
SCALE_FACTOR=1
DRAWING_SIZE=10

