[PARAMETERS]
WIDTH=252
HEIGHT=276
X_OFFSET=0.640164375305176
Z_OFFSET=280.966369628906
MARGIN=10
SCALE_FACTOR=1
DRAWING_SIZE=10

