[PARAMETERS]
WIDTH=229
HEIGHT=265
X_OFFSET=-5.46114063262939
Z_OFFSET=275.092834472656
MARGIN=10
SCALE_FACTOR=1
DRAWING_SIZE=10

